0 (175, 105, 25, 25) miss_screw
1 (207, 105, 25, 25) screw
2 (217, 42, 25, 25) screw
3 (217, 124, 25, 25) screw
4 (240, 110, 40, 25) miss_tag
5 (338, 42, 25, 25) screw
6 (379, 42, 25, 25) screw
7 (338, 124, 25, 25) screw
8 (300, 115, 50, 30) miss_connect
9 (352, 120, 15, 30) connect
10 (355, 35, 15, 20) connect
11 (365, 35, 15, 20) connect
12 (356, 192, 25, 25) screw
13 (377, 200, 15, 20) screw
14 (367, 200, 15, 20) screw
15 (310, 200, 75, 35) screw
16 (83, 152, 115, 45) tag
17 (204, 200, 40, 80) tag
